[   1 2000 2000 2000 2000 2000 2000 2000 2000 2000    8 2000 2000 2000
 2000 2000 2000 2000 2000 2000 2000 2000 2000 2000 2000 2000 2000 2000
 2000 2000 2000 2000 2000 2000 2000 2000 2000 2000 2000 2000 2000 2000
 2000 2000 2000 2000 2000 2000 2000 2000 2000 2000 2000 2000 2000 2000
 2000 2000 2000 2000 2000    3    3 2000  250 2000 2000 2000 2000 2000
 2000 2000 2000 2000 2000  376 2000 2000 2000 2000 2000 2000 2000 2000
 2000 2000 2000 2000 2000 2000 2000 2000 2000 2000 2000 2000   26 2000
 2000 2000 2000 2000 2000 2000    3    3  208 2000 2000 2000 2000 2000
 2000 2000 2000   35 2000 2000 2000 2000 2000 2000 2000 2000 2000 2000
 2000 2000 2000 2000 2000   15    2]
